Rank	City	State	Population2016	Population2010	AreaMI	AreaKM	DensityMI	DensityKM
1	New York	New York	8537673	8175133	301.5	780.9	28317	10933
2	Los Angeles	California	3976322	3792621	468.7	1213.9	8484	3276
3	Chicago	Illinois	2704958	2695598	227.3	588.7	11900	4600
4	Houston	Texas	2303482	2100263	637.5	1651.1	3613	1395
5	Phoenix	Arizona	1615017	1445632	517.6	1340.6	3120	1200
6	Philadelphia	Pennsylvania	1567872	1526006	134.2	347.6	11683	4511
7	San Antonio	Texas	1492510	1327407	461	1194	3238	1250
8	San Diego	California	1406630	1307402	325.2	842.3	4325	1670
9	Dallas	Texas	1317929	1197816	340.9	882.9	3866	1493
10	San Jose	California	1025350	945942	177.5	459.7	5777	2231
11	Austin	Texas	947890	790390	312.7	809.9	3031	1170
12	Jacksonville	Florida	880619	821784	747.4	1935.8	1178	455
13	San Francisco	California	870887	805235	46.9	121.5	18569	7170
14	Columbus	Ohio	860090	787033	218.5	565.9	3936	1520
15	Indianapolis	Indiana	855164	820445	361.5	936.3	2366	914
16	Fort Worth	Texas	854113	741206	342.9	888.1	2491	962
17	Charlotte	North Carolina	842051	731424	305.4	791	2757	1064
18	Seattle	Washington	704352	608660	83.8	217	8405	3245
19	Denver	Colorado	693060	600158	153.3	397	4521	1746
20	El Paso	Texas	683080	649121	256.8	665.1	2660	1030
21	Washington	District Of Columbia	681170	601723	61.1	158.2	11148	4304
22	Boston	Massachusetts	673184	617594	48.3	125.1	13938	5381
23	Detroit	Michigan	672795	713777	138.8	359.5	4847	1871
24	Nashville	Tennessee	660388	601222	475.9	1232.6	1388	536
25	Memphis	Tennessee	652717	646889	317.4	822.1	2056	794
26	Portland	Oregon	639863	583776	133.5	345.8	4793	1851
27	Oklahoma City	Oklahoma	638367	579999	606.3	1570.3	1053	407
28	Las Vegas	Nevada	632912	583756	134.4	348.1	4709	1818
29	Louisville	Kentucky	616261	597337	263.5	682.5	2339	903
30	Baltimore	Maryland	614664	620961	80.9	209.5	7598	2934
31	Milwaukee	Wisconsin	595047	594833	96.2	249.2	6186	2388
32	Albuquerque	New Mexico	559277	545852	188.2	487.4	2972	1147
33	Tucson	Arizona	530706	520116	230.8	597.8	2299	888
34	Fresno	California	522053	494665	114.4	296.3	4563	1762
35	Sacramento	California	495234	466488	97.9	253.6	5059	1953
36	Mesa	Arizona	484587	439041	137.9	357.2	3514	1357
37	Kansas City	Missouri	481420	459787	315	815.8	1528	590
38	Atlanta	Georgia	472522	420003	133.5	345.8	3539	1366
39	Long Beach	California	470130	462257	50.3	130.3	9347	3609
40	Colorado Springs	Colorado	465101	416427	195.6	506.6	2378	918
41	Raleigh	North Carolina	458880	403892	145.1	375.8	3163	1221
42	Miami	Florida	453579	399457	36	93.2	12599	4865
43	Virginia Beach	Virginia	452602	437994	244.7	633.8	1850	710
44	Omaha	Nebraska	446970	408958	133.2	345	3356	1296
45	Oakland	California	420005	390724	55.9	144.8	7514	2901
46	Minneapolis	Minnesota	413651	382578	54	139.9	7660	2960
47	Tulsa	Oklahoma	403090	391906	196.8	509.7	2048	791
48	Arlington	Texas	392772	365438	95.8	248.1	4100	1600
49	New Orleans	Louisiana	391495	343829	169.4	438.7	2311	892
50	Wichita	Kansas	389902	382368	160.4	415.4	2431	939
51	Cleveland	Ohio	385809	396815	77.7	201.2	4965	1917
52	Tampa	Florida	377165	335709	113.4	293.7	3326	1284
53	Bakersfield	California	376380	347483	148.8	385.4	2529	976
54	Aurora	Colorado	361710	325078	153.5	397.6	2356	910
55	Honolulu	Hawaii	351792	337256	60.5	156.7	5815	2245
56	Anaheim	California	351043	336265	50	129.5	7021	2711
57	Santa Ana	California	334217	324528	27.1	70.2	12333	4762
58	Corpus Christi	Texas	325733	305215	174.6	452.2	1866	720
59	Riverside	California	324722	303871	81.2	210.3	3999	1544
60	Lexington	Kentucky	318449	295803	283.6	734.5	1123	434
62	Stockton	California	307072	291707	61.7	159.8	4977	1922
63	Pittsburgh	Pennsylvania	303625	305704	55.4	143.5	5481	2116
64	Saint Paul	Minnesota	302398	285068	52	134.7	5815	2245
65	Cincinnati	Ohio	298800	296943	77.4	200.5	3860	1490
66	Anchorage	Alaska	298192	291826	NA	4420.1	175	68
67	Henderson	Nevada	292969	257729	104.7	271.2	2798	1080
68	Greensboro	North Carolina	287027	269666	128.3	332.3	2237	864
69	Plano	Texas	286057	259841	71.7	185.7	3990	1540
70	Newark	New Jersey	281764	277140	24.1	62.4	11691	4514
71	Lincoln	Nebraska	280364	258379	92.1	238.5	3044	1175
72	Toledo	Ohio	278508	287208	80.7	209	3451	1332
73	Orlando	Florida	277173	238300	105.2	272.5	2635	1017
74	Chula Vista	California	267172	243916	49.6	128.5	5387	2080
75	Irvine	California	266122	212375	65.6	169.9	4057	1566
76	Fort Wayne	Indiana	264488	253691	110.6	286.5	2391	923
77	Jersey City	New Jersey	264152	247597	14.8	38.3	17848	6891
78	Durham	North Carolina	263016	228330	109.8	284.4	2395	925
80	Laredo	Texas	257156	236091	101.1	261.8	2544	982
81	Buffalo	New York	256902	261310	40.4	104.6	6359	2455
82	Madison	Wisconsin	252551	233209	77	199.4	3280	1270
83	Lubbock	Texas	252506	229573	124.6	322.7	2027	783
84	Chandler	Arizona	247477	236123	64.9	168.1	3813	1472
85	Scottsdale	Arizona	246645	217385	183.9	476.3	1341	518
86	Glendale	Arizona	245895	226721	59.1	153.1	4161	1607
87	Reno	Nevada	245255	225221	107.3	277.9	2286	883
88	Norfolk	Virginia	245115	242803	53.3	138	4599	1776
89	Winston-Salem	North Carolina	242203	229617	132.5	343.2	1828	706
90	North Las Vegas	Nevada	238702	216961	98	253.8	2436	941
91	Irving	Texas	238289	216290	67	173.5	3557	1373
92	Chesapeake	Virginia	237940	222209	338.5	876.7	703	271
93	Gilbert	Arizona	237133	208453	68	176.1	3487	1346
94	Hialeah	Florida	236387	224669	21.5	55.7	10995	4245
95	Garland	Texas	234943	226876	57	147.6	4122	1592
96	Fremont	California	233136	214089	77.5	200.7	3008	1161
97	Baton Rouge	Louisiana	227715	229493	85.9	222.5	2651	1024
98	Richmond	Virginia	223170	204214	59.8	154.9	3732	1441
99	Boise	Idaho	223154	205671	82.1	212.6	2718	1049
100	San Bernardino	California	216239	209924	61.5	159.3	3516	1358
101	Spokane	Washington	215973	208916	68.7	177.9	3144	1214
102	Des Moines	Iowa	215472	203433	88.9	230.2	2424	936
103	Modesto	California	212175	201165	43	111.4	4934	1905
104	Birmingham	Alabama	212157	212237	146.1	378.4	1452	561
105	Tacoma	Washington	211277	198397	49.7	128.7	4251	1641
106	Fontana	California	209665	196069	43	111.4	4876	1883
107	Rochester	New York	208880	210565	35.8	92.7	5835	2253
108	Oxnard	California	207906	197899	26.9	69.7	7729	2984
109	Moreno Valley	California	205499	193365	51.3	132.9	4006	1547
110	Fayetteville	North Carolina	204759	200564	147.7	382.5	1386	535
111	Aurora	Illinois	201110	197899	44.9	116.3	4479	1729
112	Glendale	California	200831	191719	30.4	78.7	6606	2551
113	Yonkers	New York	200807	195976	18	46.6	11156	4307
114	Huntington Beach	California	200652	189992	26.9	69.7	7459	2880
115	Montgomery	Alabama	200022	205764	159.8	413.9	1252	483
116	Amarillo	Texas	199582	190695	101.4	262.6	1968	760
117	Little Rock	Arkansas	198541	193524	118.7	307.4	1673	646
118	Akron	Ohio	197633	199110	62	160.6	3188	1231
119	Columbus	Georgia	197485	189885	216.4	560.5	913	353
120	Augusta	Georgia	197081	195844	302.5	783.5	652	252
121	Grand Rapids	Michigan	196445	188040	44.4	115	4424	1708
122	Shreveport	Louisiana	194920	199311	107.1	277.4	1820	700
123	Salt Lake City	Utah	193744	186440	111.2	288	1742	673
124	Huntsville	Alabama	193079	180105	213.4	552.7	905	349
125	Mobile	Alabama	192904	195111	139.4	361	1384	534
126	Tallahassee	Florida	190894	181376	100.4	260	1901	734
127	Grand Prairie	Texas	190682	175396	72.3	187.3	2637	1018
128	Overland Park	Kansas	188966	173372	75.1	194.5	2516	971
129	Knoxville	Tennessee	186239	178874	98.5	255.1	1891	730
131	Worcester	Massachusetts	184508	181045	37.4	96.9	4933	1905
132	Brownsville	Texas	183823	175023	132.5	343.2	1387	536
133	Tempe	Arizona	182498	161719	40	103.6	4562	1761
134	Santa Clarita	California	181972	176320	52.8	136.8	3446	1331
135	Newport News	Virginia	181825	180719	69.1	179	2631	1016
136	Cape Coral	Florida	179804	154305	105.6	273.5	1703	658
137	Providence	Rhode Island	179219	178042	18.4	47.7	9740	3760
138	Fort Lauderdale	Florida	178752	165521	34.6	89.6	5166	1995
139	Chattanooga	Tennessee	177571	167674	143.1	370.6	1241	479
140	Rancho Cucamonga	California	176534	165269	40	103.6	4413	1704
141	Oceanside	California	175464	167086	41.3	107	4249	1641
142	Santa Rosa	California	175155	167815	41.3	107	4241	1637
143	Garden Grove	California	174858	170883	18	46.6	9714	3751
144	Vancouver	Washington	174826	161791	46.9	121.5	3728	1439
145	Sioux Falls	South Dakota	174360	153888	75.4	195.3	2312	893
146	Ontario	California	173212	163924	49.9	129.2	3471	1340
148	Elk Grove	California	169743	153015	42.2	109.3	4022	1553
149	Jackson	Mississippi	169148	173514	111	287.5	1524	588
150	Pembroke Pines	Florida	168587	154019	33	85.5	5109	1973
151	Salem	Oregon	167419	154637	48.6	125.9	3445	1330
152	Springfield	Missouri	167319	159498	82.3	213.2	2033	785
153	Corona	California	166785	152374	39.5	102.3	4222	1630
154	Eugene	Oregon	166575	156185	44.1	114.2	3777	1458
155	Fort Collins	Colorado	164207	143986	55.8	144.5	2943	1136
156	Peoria	Arizona	164173	154065	175.7	455.1	934	361
157	Frisco	Texas	163656	116989	67.7	175.3	2417	933
158	Cary	North Carolina	162320	135234	56.5	146.3	2873	1109
159	Lancaster	California	160106	156633	94.3	244.2	1698	656
160	Hayward	California	158937	144186	45.5	117.8	3493	1349
161	Palmdale	California	157356	152750	106	274.5	1484	573
162	Salinas	California	157218	150441	23.6	61.1	6662	2572
163	Alexandria	Virginia	155810	139966	15	38.8	10387	4010
164	Lakewood	Colorado	154393	142980	42.9	111.1	3599	1390
165	Springfield	Massachusetts	154074	153060	31.9	82.6	4830	1860
166	Pasadena	Texas	153351	149043	43.5	112.7	3525	1361
167	Sunnyvale	California	152771	140081	22	57	6944	2681
168	Macon	Georgia	152555	91351	249.3	645.7	612	236
169	Pomona	California	152494	149058	23	59.6	6630	2560
170	Hollywood	Florida	151998	140768	27.3	70.7	5568	2150
171	Kansas City	Kansas	151709	145786	124.8	323.2	1216	470
172	Escondido	California	151613	143911	37.1	96.1	4087	1578
173	Clarksville	Tennessee	150287	132929	98.3	254.6	1529	590
174	Joliet	Illinois	148262	147433	64.4	166.8	2302	889
175	Rockford	Illinois	147651	152871	63.5	164.5	2325	898
176	Torrance	California	147195	145438	20.5	53.1	7180	2770
177	Naperville	Illinois	147122	141853	38.7	100.2	3802	1468
178	Paterson	New Jersey	147000	146199	8.4	21.8	17500	6800
179	Savannah	Georgia	146763	136286	103.6	268.3	1417	547
180	Bridgeport	Connecticut	145936	144229	16.1	41.7	9064	3500
181	Mesquite	Texas	143736	139824	47.2	122.2	3045	1176
182	Killeen	Texas	143400	127921	53.5	138.6	2680	1030
183	Syracuse	New York	143378	145170	25	64.7	5735	2214
185	Pasadena	California	142059	137122	23	59.6	6176	2385
186	Bellevue	Washington	141400	122363	33.5	86.8	4221	1630
187	Fullerton	California	140721	135161	22.4	58	6282	2425
188	Orange	California	140504	136416	25.4	65.8	5532	2136
189	Dayton	Ohio	140489	141527	55.7	144.3	2522	974
190	Miramar	Florida	138449	122041	29.4	76.1	4709	1818
191	Thornton	Colorado	136703	118772	35.7	92.5	3829	1478
192	West Valley City	Utah	136574	129480	35.5	91.9	3847	1485
193	Olathe	Kansas	135473	125872	60.9	157.7	2225	859
194	Hampton	Virginia	135410	137436	51.5	133.4	2629	1015
195	Warren	Michigan	135125	134056	34.4	89.1	3928	1517
196	Midland	Texas	134610	111147	74.4	192.7	1809	698
197	Waco	Texas	134432	124805	89	230.5	1510	580
198	Charleston	South Carolina	134385	120083	109	282.3	1233	476
199	Columbia	South Carolina	134309	129272	133.5	345.8	1006	388
200	Denton	Texas	133808	113383	93.4	241.9	1433	553
201	Carrollton	Texas	133351	119097	36.3	94	3674	1419
202	Surprise	Arizona	132677	117517	107.9	279.5	1230	470
203	Roseville	California	132671	118788	43	111.4	3085	1191
204	Sterling Heights	Michigan	132427	129699	36.5	94.5	3628	1401
205	Murfreesboro	Tennessee	131947	108755	55.9	144.8	2360	910
206	Gainesville	Florida	131591	124354	62.3	161.4	2112	815
207	Cedar Rapids	Iowa	131127	126326	70.8	183.4	1852	715
208	Visalia	California	131074	124442	37.5	97.1	3495	1349
209	Coral Springs	Florida	130059	121096	23.8	61.6	5465	2110
210	New Haven	Connecticut	129934	129779	18.7	48.4	6948	2683
211	Stamford	Connecticut	129113	122643	37.6	97.4	3434	1326
212	Thousand Oaks	California	128888	126683	55.2	143	2335	902
213	Concord	California	128726	122067	30.5	79	4221	1630
214	Elizabeth	New Jersey	128640	124969	12.3	31.9	10459	4038
215	Lafayette	Louisiana	127626	120623	53.8	139.3	2372	916
216	Kent	Washington	127514	92411	33.7	87.3	3784	1461
217	Topeka	Kansas	126808	127473	61.5	159.3	2062	796
218	Simi Valley	California	126327	124237	41.5	107.5	3044	1175
219	Santa Clara	California	125948	116468	18.4	47.7	6845	2643
220	Athens	Georgia	123371	115452	116.4	301.5	1060	410
221	Hartford	Connecticut	123243	124775	17.4	45.1	7083	2735
222	Victorville	California	122265	115903	73.3	189.8	1668	644
223	Abilene	Texas	122225	117063	106.7	276.4	1146	442
224	Norman	Oklahoma	122180	110925	178.8	463.1	683	264
225	Vallejo	California	121299	115942	30.7	79.5	3951	1525
226	Berkeley	California	121240	112580	10.5	27.2	11547	4458
227	Round Rock	Texas	120892	99887	35.6	92.2	3396	1311
228	Ann Arbor	Michigan	120782	113934	28.1	72.8	4298	1659
230	Columbia	Missouri	120612	108500	65	168.3	1856	717
231	Allentown	Pennsylvania	120443	118032	17.5	45.3	6882	2657
232	Evansville	Indiana	119477	117429	47.3	122.5	2526	975
233	Beaumont	Texas	118299	118296	82.1	212.6	1441	556
234	Odessa	Texas	117871	99940	45.2	117.1	2608	1007
235	Wilmington	North Carolina	117525	106476	51.6	133.6	2278	880
236	Arvada	Colorado	117453	106433	38.6	100	3043	1175
237	Independence	Missouri	117030	116830	77.8	201.5	1504	581
238	Provo	Utah	116868	112488	41.7	108	2803	1082
239	Lansing	Michigan	116020	114297	39.1	101.3	2967	1146
240	El Monte	California	115807	113475	9.6	24.9	12063	4658
241	Springfield	Illinois	115715	116250	60.1	155.7	1925	743
242	Fairfield	California	114756	105321	40.9	105.9	2806	1083
243	Clearwater	Florida	114361	107685	25.9	67.1	4415	1705
244	Peoria	Illinois	114265	115007	48.2	124.8	2371	915
245	Rochester	Minnesota	114011	106769	54.6	141.4	2088	806
246	Carlsbad	California	113952	105328	37.7	97.6	3023	1167
247	Westminster	Colorado	113875	106114	31.7	82.1	3592	1387
248	West Jordan	Utah	113699	103712	32.3	83.7	3520	1360
249	Pearland	Texas	113570	91252	46.3	119.9	2453	947
250	Richardson	Texas	113347	99223	28.6	74.1	3963	1530
251	Downey	California	113267	111772	12.4	32.1	9134	3527
252	Miami Gardens	Florida	113058	107167	18.2	47.1	6212	2398
253	Temecula	California	113054	100097	37.3	96.6	3031	1170
254	Costa Mesa	California	112822	109960	15.7	40.7	7186	2775
255	College Station	Texas	112141	93857	51	132.1	2199	849
256	Elgin	Illinois	112123	108188	37.4	96.9	2998	1158
257	Murrieta	California	111674	103466	33.6	87	3324	1283
258	Gresham	Oregon	111523	105594	23.3	60.3	4786	1848
259	High Point	North Carolina	111223	104371	55.2	143	2015	778
260	Antioch	California	110898	102372	29.4	76.1	3772	1456
262	Cambridge	Massachusetts	110651	105162	6.4	16.6	17289	6675
263	Lowell	Massachusetts	110558	106519	13.6	35.2	8129	3139
264	Manchester	New Hampshire	110506	109565	33.1	85.7	3339	1289
265	Billings	Montana	110323	104170	43.7	113.2	2525	975
266	Pueblo	Colorado	110291	106595	53.6	138.8	2058	795
267	Palm Bay	Florida	110104	103190	65.7	170.2	1676	647
268	Centennial	Colorado	109932	100377	29.5	76.4	3727	1439
269	Richmond	California	109813	103701	30.1	78	3648	1409
270	Ventura	California	109592	106433	21.8	56.5	5027	1941
271	Pompano Beach	Florida	109393	99845	24	62.2	4558	1760
272	North Charleston	South Carolina	109298	97471	73.7	190.9	1483	573
273	Everett	Washington	109043	103019	33.3	86.2	3275	1264
274	Waterbury	Connecticut	108272	110366	28.5	73.8	3799	1467
275	West Palm Beach	Florida	108161	99919	55.1	142.7	1963	758
276	Boulder	Colorado	108090	97385	24.8	64.2	4358	1683
277	West Covina	California	107847	106098	16	41.4	6740	2600
278	Broken Arrow	Oklahoma	107403	98850	61.7	159.8	1741	672
279	Clovis	California	106583	95631	24.2	62.7	4404	1700
280	Daly City	California	106472	101123	7.6	19.7	14009	5409
281	Lakeland	Florida	106420	97422	65.9	170.7	1615	624
282	Santa Maria	California	106290	99553	22.8	59.1	4662	1800
283	Norwalk	California	106178	105549	9.7	25.1	10946	4226
284	Sandy Springs	Georgia	105703	93853	37.7	97.6	2804	1083
285	Hillsboro	Oregon	105164	91611	25	64.7	4207	1624
286	Green Bay	Wisconsin	105139	104057	45.4	117.6	2316	894
287	Tyler	Texas	104798	96900	56.6	146.6	1852	715
288	Wichita Falls	Texas	104724	104553	72.2	187	1450	560
289	Lewisville	Texas	104659	95290	36.7	95.1	2852	1101
290	Burbank	California	104447	103340	17.4	45.1	6003	2318
291	Greeley	Colorado	103990	92889	47.8	123.8	2176	840
292	San Mateo	California	103959	97207	12.1	31.3	8592	3317
293	El Cajon	California	103768	99478	14.5	37.6	7156	2763
295	Rialto	California	103314	99171	22.3	57.8	4633	1789
296	Davenport	Iowa	102612	99685	62.9	162.9	1631	630
297	League City	Texas	102010	83560	51.2	132.6	1992	769
298	Edison	New Jersey	101996	99967	30.1	78	3389	1309
299	Davie	Florida	101871	91992	34.9	90.4	2919	1127
300	Las Cruces	New Mexico	101759	97618	76.9	199.2	1323	511
